#!/usr/bin/env python

# Mikhail (myke) Kolodin, 2022
# 2022-04-08 2022-04-08 1.1
# tup-mt.py

# ~ таблица умножения - кортеж

mt = tuple( [ tuple([ i*j for j in range(1, 10) ]) for i in range(1, 10) ] )

print(mt, "\n\n")

for i in range(9):
    for j in range(9):
        print(f'{mt[i][j]:5d}', end=" ")
    print()


# ~ ((1, 2, 3, 4, 5, 6, 7, 8, 9), (2, 4, 6, 8, 10, 12, 14, 16, 18), (3, 6, 9, 12, 15, 18, 21, 24, 27), (4, 8, 12, 16, 20, 24, 28, 32, 36), (5, 10, 15, 20, 25, 30, 35, 40, 45), (6, 12, 18, 24, 30, 36, 42, 48, 54), (7, 14, 21, 28, 35, 42, 49, 56, 63), (8, 16, 24, 32, 40, 48, 56, 64, 72), (9, 18, 27, 36, 45, 54, 63, 72, 81)) 


    # ~ 1     2     3     4     5     6     7     8     9 
    # ~ 2     4     6     8    10    12    14    16    18 
    # ~ 3     6     9    12    15    18    21    24    27 
    # ~ 4     8    12    16    20    24    28    32    36 
    # ~ 5    10    15    20    25    30    35    40    45 
    # ~ 6    12    18    24    30    36    42    48    54 
    # ~ 7    14    21    28    35    42    49    56    63 
    # ~ 8    16    24    32    40    48    56    64    72 
    # ~ 9    18    27    36    45    54    63    72    81 
